2000 150-500 1.585650e-10 6.296774e-13
2000 500-Inf 1.603450e-09 1.287203e-11
2500 150-500 1.546600e-10 8.039763e-13
2500 500-Inf 2.608000e-10 1.491333e-12
3000 150-500 1.617450e-10 1.192982e-12
3000 500-Inf 5.784350e-11 4.732451e-13
3500 150-500 1.662150e-10 1.219331e-12
3500 500-Inf 1.609700e-11 1.319052e-13
4000 150-500 1.687500e-10 1.232422e-12
4000 500-Inf 5.606350e-12 4.421163e-14
4500 150-500 1.703200e-10 1.239868e-12
4500 500-Inf 2.603500e-12 1.797487e-14
5000 150-500 1.707450e-10 1.243645e-12
5000 500-Inf 1.711700e-12 9.737850e-15
5500 150-500 1.714667e-10 8.836893e-13
5500 500-Inf 1.456444e-12 5.048933e-15
6000 150-500 1.722000e-10 1.250840e-12
6000 500-Inf 1.408250e-12 9.039998e-15
100K 150-500 1.725150e-10 1.252536e-12
100K 500-Inf 1.636800e-12 1.289334e-14
