500 1.107e-04 6.939e-07
1000 4.358e-07 2.735e-09
1500 1.683e-08 1.049e-10
2000 1.977e-09 1.146e-11
2500 6.091e-10 2.548e-12
3000 4.149e-10 1.278e-12
3500 3.764e-10 1.866e-12
4000 3.684e-10 1.831e-12
4500 3.693e-10 1.840e-12
5000 3.647e-10 1.835e-12
5500 3.694e-10 1.868e-12
6000 3.670e-10 1.839e-12
6500 3.697e-10 1.851e-12
7000 3.677e-10 1.858e-12
7500 3.741e-10 1.881e-12
8000 3.700e-10 1.855e-12
8500 3.688e-10 1.857e-12
9000 3.689e-10 1.856e-12
9500 3.695e-10 1.853e-12
10000 3.713e-10 1.874e-12
